world: world
x: 52.02136631214806
y: 65.0
z: -173.16838649513647
yaw: -179.30872
pitch: 6.4501576
name: spawn
lastowner: 36881d51-7477-3eb6-91a1-dfc11065590d
