lastAccountName: admin
timestamps:
  login: 1569568241609
  logout: 1569568345529
ipAddress: 180.191.101.187
afk: false
logoutlocation:
  world: world
  x: 72.0321438105687
  y: 63.0
  z: -167.83054759188482
  yaw: -234.64853
  pitch: 10.650045
