lastAccountName: admin
timestamps:
  login: 1569601715807
  logout: 1569601910074
  lastteleport: 1569601880532
ipAddress: 180.191.101.187
afk: false
logoutlocation:
  world: world
  x: 31.257469080543913
  y: 77.98774490895653
  z: -128.4931164575509
  yaw: 190.94962
  pitch: 13.199991
lastlocation:
  world: world
  x: 82.08588395717415
  y: 70.0
  z: -251.88654609401593
  yaw: -191.90733
  pitch: 29.700104
