lastAccountName: admin
timestamps:
  login: 1569559633270
  logout: 1569560206106
ipAddress: 180.191.101.65
afk: false
logoutlocation:
  world: world
  x: 65.25162392369634
  y: 71.03872270152662
  z: -177.59359725216802
  yaw: 41.05542
  pitch: 31.35
