lastAccountName: Rapols
timestamps:
  login: 1569761533560
  logout: 1569763886039
ipAddress: 112.203.127.237
logoutlocation:
  world: world
  x: 4691.287422474947
  y: 68.0
  z: -2529.094106824626
  yaw: -196.97684
  pitch: 13.350126
