lastAccountName: Ez
timestamps:
  login: 1569585371528
  logout: 1569585402740
ipAddress: 130.105.243.169
logoutlocation:
  world: world
  x: 57.89862160814873
  y: 67.0
  z: -115.06704005157417
  yaw: 306.4462
  pitch: 32.399765
