lastAccountName: Ez
timestamps:
  login: 1569556109198
  logout: 1569556154059
ipAddress: 112.205.197.207
logoutlocation:
  world: world
  x: 57.89862160814873
  y: 67.25220334025373
  z: -115.06704005157417
  yaw: 306.4462
  pitch: 32.399765
