lastAccountName: r
timestamps:
  login: 1571299566809
  logout: 1571299785625
ipAddress: 152.32.68.124
logoutlocation:
  world: world
  x: 43.59679792261281
  y: 63.0
  z: -158.51917675021105
  yaw: 20.944305
  pitch: 53.249866
