lastAccountName: tester
timestamps:
  login: 1569601721843
  lastteleport: 1569601811717
  logout: 1569601908906
ipAddress: 180.191.101.187
lastlocation:
  world: world
  x: 26.601369883146376
  y: 63.0
  z: -143.2377080055785
  yaw: 282.193
  pitch: 14.849937
logoutlocation:
  world: world
  x: -1828.0691434825703
  y: 64.74874464192135
  z: -3225.934928708034
  yaw: -72.98969
  pitch: 9.749605
