lastAccountName: Ezek
timestamps:
  login: 1569580642215
  logout: 1569580604663
ipAddress: 130.105.243.169
logoutlocation:
  world: world
  x: 36.32660299441966
  y: 63.0
  z: -231.64079184963325
  yaw: -7.4954224
  pitch: -21.150097
