lastAccountName: Ezek
timestamps:
  login: 1569578620697
  logout: 1569578665533
ipAddress: 112.205.197.207
logoutlocation:
  world: world
  x: 45.26093898737835
  y: 63.0
  z: -245.4407640680645
  yaw: -54.8945
  pitch: 0.30003157
