lastAccountName: Ezek
timestamps:
  login: 1569566488421
  logout: 1569566518324
ipAddress: 130.105.243.169
logoutlocation:
  world: world
  x: 70.21622488305513
  y: 63.0
  z: -170.0627622244338
  yaw: 126.9155
  pitch: 39.599674
