lastAccountName: Ezek
timestamps:
  login: 1569581469832
  logout: 1569581514691
ipAddress: 130.105.243.169
logoutlocation:
  world: world
  x: 68.92150458438121
  y: 65.0
  z: -129.93122331053803
  yaw: -129.14929
  pitch: 13.950026
