lastAccountName: Ravxony
timestamps:
  login: 1571299045591
  logout: 1571299188222
ipAddress: 152.32.68.124
logoutlocation:
  world: world
  x: 72.39752756188541
  y: 63.00999999865889
  z: -251.30000001192093
  yaw: 73.05
  pitch: -4.5000005
