lastAccountName: boazcstrike
timestamps:
  login: 1569577941607
  logout: 1569567835627
  lastteleport: 1569567499101
ipAddress: 180.191.101.187
logoutlocation:
  world: world
  x: -1213.4031141089717
  y: 85.0
  z: -1972.300000011921
  yaw: -35.098595
  pitch: 28.800066
lastlocation:
  world: world
  x: -1213.300000011921
  y: 85.0
  z: -1972.6722686511216
  yaw: -358.20007
  pitch: 20.100088
homes:
  home:
    world: world
    x: -1213.563127313131
    y: 85.0
    z: -1972.699999988079
    yaw: -4.6486206
    pitch: 21.300085
money: '166.0'
