lastAccountName: boazcstrike
timestamps:
  login: 1569528725120
  logout: 1569528715885
  lastteleport: 1569525903892
ipAddress: 180.191.101.65
logoutlocation:
  world: world
  x: -1222.0246297902008
  y: 71.0
  z: -1817.1038852505087
  yaw: 249.90884
  pitch: 4.049811
lastlocation:
  world: world
  x: -1222.300000011921
  y: 71.0
  z: -1815.300000011921
  yaw: -202.87291
  pitch: 14.499805
