lastAccountName: boazcstrike
timestamps:
  login: 1571069677919
  logout: 1571070494179
  lastteleport: 1570202513829
ipAddress: 180.191.156.238
logoutlocation:
  world: world
  x: -1827.300000011921
  y: 55.0
  z: -3147.699999988079
  yaw: -276.14215
  pitch: 27.29907
lastlocation:
  world: world_nether
  x: -547.4690147980924
  y: 67.0
  z: -676.7197514018691
  yaw: 89.63012
  pitch: 2.5504348
homes:
  home:
    world: world
    x: -1842.3449175201981
    y: 63.0
    z: -3210.5169867987543
    yaw: 179.60313
    pitch: -2.100135
money: '195.0'
afk: false
