lastAccountName: boazcstrike
timestamps:
  login: 1569565888193
  logout: 1569533445926
  lastteleport: 1569566965353
ipAddress: 180.191.101.187
logoutlocation:
  world: world
  x: -1089.300000011921
  y: 74.0
  z: -3477.300000011921
  yaw: 198.47214
  pitch: 10.499718
lastlocation:
  world: world
  x: 80.69999998807907
  y: 63.0
  z: -196.85221262012524
  yaw: 177.14857
  pitch: 8.099833
homes:
  home:
    world: world
    x: -1213.563127313131
    y: 85.0
    z: -1972.699999988079
    yaw: -4.6486206
    pitch: 21.300085
money: '166.0'
